1000 3000
1 1830
7 2913
6 443
5 1381
7 78
9 1198
10 1402
7 1764
9 861
9 454
3 714
9 554
10 1486
1 777
8 2308
2 190
10 1997
10 25
1 938
3 687
9 132
10 1044
2 2951
10 147
6 1921
7 2701
3 2929
9 2136
2 830
1 2138
4 2734
2 2695
10 929
4 463
4 492
6 596
2 778
9 1426
8 64
7 855
4 1936
6 373
1 1064
1 878
2 1499
5 1744
6 2217
9 2161
3 499
3 2820
5 266
10 1860
7 1632
1 2113
7 358
3 2993
8 920
1 768
3 310
1 2427
2 332
3 682
8 2485
6 1436
3 2331
1 1631
4 250
6 488
8 2294
9 2744
8 2210
4 920
9 2106
1 1590
8 1459
2 1920
10 153
2 144
2 402
2 697
8 1802
9 769
1 2269
1 2048
7 276
5 2600
3 1666
5 1557
4 174
7 2718
10 1599
6 821
5 1467
3 36
5 1360
9 2072
3 1430
6 2586
9 748
9 1595
6 1378
8 136
9 767
2 1543
10 1557
4 905
5 1954
4 2313
5 1528
1 827
4 119
9 2248
5 720
4 769
7 1405
9 978
2 776
3 2682
4 1994
5 847
1 1597
2 1311
6 2580
8 1372
1 1041
4 1704
2 2039
7 2170
8 2161
4 183
5 2330
1 300
10 1935
3 1739
1 2050
10 1157
8 1624
1 2735
1 61
4 2535
10 1390
5 1489
5 2544
1 341
5 2919
10 2563
1 442
10 2994
9 229
2 685
1 1310
6 1256
3 413
2 385
2 885
8 290
9 712
3 2110
8 1890
1 2986
9 148
3 2822
8 260
2 2676
8 251
6 2536
7 2216
9 1880
6 2491
3 1111
3 1604
7 1220
4 357
2 1208
6 2165
7 1656
6 447
2 1280
10 2370
7 2057
5 578
2 251
6 503
2 1559
9 1532
6 2166
5 603
2 1630
3 2823
7 2759
1 826
1 1392
1 1864
2 1128
8 187
2 2337
7 232
6 1663
5 1811
9 2610
5 2495
10 448
8 1328
9 1616
6 660
2 450
5 391
6 2258
8 2198
4 2198
3 727
5 2278
2 1687
5 2476
1 2308
9 2380
5 2716
3 1261
2 2597
7 2065
4 2798
9 306
9 1981
2 2341
1 2931
2 499
7 838
3 2589
9 1630
9 569
7 2530
3 2467
4 1819
1 549
8 2056
2 2353
8 2684
2 1062
7 245
4 290
2 2990
10 679
1 1968
7 849
3 2500
3 1998
5 2077
9 2263
5 340
3 2895
10 2419
4 2649
3 445
4 1791
9 2270
4 2472
10 1055
4 1025
3 1861
8 2584
10 1883
7 924
7 2149
5 2649
8 1567
9 59
9 1764
1 913
9 2427
3 740
4 367
8 816
9 2486
6 2234
5 2397
6 1882
8 114
10 147
1 2546
2 2065
4 932
8 1674
10 237
7 2360
9 189
3 1566
4 2522
10 505
10 860
4 1641
3 1752
6 88
8 745
3 1178
10 2364
7 206
2 2155
5 1780
10 2813
6 1463
4 739
7 1333
9 782
10 1748
8 1735
3 1991
3 2703
7 2106
2 2240
4 98
9 1835
5 560
6 1100
1 56
4 1068
5 2717
10 1837
7 440
8 1723
1 2776
10 2584
8 2436
9 624
1 2791
5 2351
5 698
6 720
9 1873
4 1919
5 1359
2 409
7 1947
7 2155
5 535
4 360
5 2382
6 631
7 2231
3 1724
3 327
5 2742
8 643
3 2681
8 910
10 1141
5 1648
1 2078
4 2696
5 581
9 1068
1 703
8 1310
9 2549
3 2576
2 2508
9 2924
4 2525
7 5
5 2144
10 1466
1 812
4 1596
5 2914
2 534
5 1755
10 196
2 1895
9 399
7 224
2 1312
8 614
6 2043
4 797
7 1495
2 435
6 2355
3 662
2 2443
4 1821
5 818
2 2230
2 2186
4 2144
5 2442
2 762
4 1919
10 1516
7 2175
5 2868
8 1698
5 1180
4 417
9 401
8 1140
6 2536
4 934
4 1540
7 1012
8 1259
1 1326
8 2945
1 1749
9 981
6 2598
1 2267
10 1909
1 602
3 2285
9 191
7 279
3 929
10 2290
9 2206
7 2986
5 646
1 1428
2 2311
9 2864
1 1912
3 1080
3 2203
9 529
3 2756
6 847
8 639
1 2557
2 1401
9 1317
6 1661
6 1829
2 1010
5 2611
1 1075
2 1435
1 743
9 1950
10 98
7 1597
7 1300
1 2246
1 2336
2 382
9 952
3 1936
1 319
10 2205
7 1655
4 1836
1 1437
3 2268
9 809
3 2024
7 1898
3 2098
5 1185
1 1419
4 92
4 1497
7 1183
4 2394
1 1582
6 113
3 486
5 783
3 44
3 115
10 1974
4 1677
6 153
4 2119
3 2731
3 325
3 1162
1 591
2 2292
7 2428
1 529
6 2498
5 5
1 1691
5 2994
6 2065
9 2470
8 2310
3 1241
6 1157
10 1858
10 1717
7 1482
4 991
2 777
10 2566
1 1687
2 943
2 2014
4 2521
10 1366
3 1918
3 2361
3 1042
7 1145
3 1116
3 2550
4 603
6 2508
3 2666
2 732
3 1823
3 106
1 1905
7 911
3 1328
7 1456
1 2577
2 775
1 1554
4 1136
7 75
7 1855
4 2478
3 608
3 2224
6 1623
5 2312
2 977
3 2015
7 1698
1 1121
4 1240
1 355
3 1208
10 2085
7 400
8 2683
7 725
1 1166
8 1134
6 1680
4 2440
4 2328
8 12
10 546
6 2206
3 2235
1 1447
8 2739
9 220
7 2596
2 1104
1 2835
7 104
8 980
10 422
2 2459
4 81
2 264
1 67
10 2178
2 2330
2 495
1 947
7 2322
2 1972
9 1071
3 2632
1 1228
4 1609
9 792
10 1721
8 2856
6 201
3 1999
9 518
4 2230
7 568
9 1284
4 669
1 2872
8 686
10 2285
10 2048
8 2805
2 382
10 961
4 2261
10 112
2 360
1 2670
5 1189
7 1662
7 2783
3 2707
5 2917
4 1796
6 956
4 2807
10 2168
1 1311
8 1705
9 2640
6 2491
6 570
8 182
1 740
4 2352
2 1076
6 2367
1 428
3 980
9 1679
1 436
8 692
6 256
3 737
3 1384
8 2236
10 308
8 983
8 1587
1 2162
7 1495
3 13
9 80
5 2902
3 2664
2 2440
3 1616
7 789
9 257
2 2876
2 2365
10 2950
10 2590
1 278
1 1631
3 1912
10 2554
8 1124
6 1282
3 2074
10 2387
4 2479
5 2582
8 201
1 2865
7 2232
6 654
10 6
7 1899
5 488
8 2202
8 1989
4 450
10 463
8 1629
6 143
10 2619
10 998
4 256
7 2825
8 225
7 1948
3 93
6 1883
4 2777
5 2589
8 1252
1 2418
2 2549
4 2262
9 914
9 2406
10 978
9 1211
10 2388
1 1348
4 162
9 2041
9 121
10 2854
8 1218
6 1660
9 1334
10 1014
9 1436
4 1858
7 1455
9 1111
10 831
7 1366
10 332
10 2180
6 1018
3 1470
4 2241
7 1446
6 2197
1 726
7 1062
6 2850
2 2144
7 2763
1 941
5 1064
6 225
5 1192
7 2735
2 286
6 2051
1 2532
6 327
7 2980
1 2602
4 2914
7 421
1 2253
1 688
5 1896
10 1429
7 2332
7 2962
3 521
3 1149
6 660
1 2499
6 235
8 2546
7 2031
6 1840
4 1297
10 1460
1 112
8 2299
2 2282
5 1733
9 2769
3 1753
2 1128
2 1886
1 550
4 2052
1 1458
2 202
1 2968
2 1
7 1282
2 1825
4 1571
10 1355
7 2656
8 1575
6 1488
3 1294
9 2125
9 394
7 763
9 613
10 953
9 2127
2 2646
7 388
5 758
10 998
1 1029
8 287
4 2091
2 2969
9 1392
2 265
6 1570
9 185
6 1060
4 1070
5 1417
7 289
8 1250
4 985
1 949
2 521
10 2215
10 2902
4 1602
2 301
2 874
1 1026
10 2924
4 371
5 1297
1 1222
8 2650
10 721
4 452
3 2297
9 2486
4 76
4 1808
5 298
6 2078
9 2249
1 1653
3 385
2 990
7 1665
1 2817
3 1623
9 395
8 2285
2 179
6 2506
8 2409
3 1870
5 48
8 2482
1 815
2 863
7 1170
1 671
5 1046
3 1305
7 1756
10 272
3 2269
1 2678
3 688
1 245
5 2936
9 479
7 969
4 1910
9 516
8 2254
9 425
2 2354
2 2940
4 436
7 1507
10 1617
10 527
6 964
8 954
6 130
6 616
9 1310
3 857
5 2558
5 525
1 1902
6 1905
8 2659
8 2001
9 2499
5 718
6 1090
2 1602
9 1504
6 746
3 1458
2 2716
6 2373
1 488
7 547
8 2828
8 351
7 2426
9 2491
4 125
7 764
8 1132
7 340
3 2798
1 1256
3 623
9 43
8 1602
1 971
10 967
4 515
3 2814
10 209
1 757
5 2272
4 919
4 1873
1 678
7 1925
9 826
9 1782
3 2402
1 1615
5 818
5 1776
6 1654
10 2015
2 1750
2 2452
2 1762
2 804
1 2096
1 2528
2 611
4 1926
1 575
3 472
10 2923
7 348
2 781
5 2061
9 2932
3 1583
1 2610
6 656
2 2792
1 1941
1 311
7 1267
2 444
1 104
9 1268
6 2552
2 49
8 1940
3 1315
2 1624
10 674
2 1740
4 2474
9 2925
1 2688
2 2149
6 1325
3 1225
10 481
7 2665
5 841
5 541
9 1668
2 1229
3 1419
6 1170
1 79
2 2916
4 1295
6 268
10 154
9 2947
5 1305
4 1369
10 2513
1 570
7 104
10 2863
1 1693
1 1577
5 2965
2 931
10 1836
5 2297
8 969
7 1219
5 2309
4 998
1 1364
2 2501
2 2893
3 460
8 2735
1 2006
2 1060
6 1023
3 1467
9 2276
4 1192
6 977
4 2799
2 683
10 1137
5 1952
7 182
4 1484
1 2460
3 190
3 2358
3 1753
5 1496
2 1055
8 842
9 2867
2 1348
9 2342
5 2426
8 1165
4 2343
3 2440
4 1150
9 2318
6 2614
7 831
9 1470
7 1026
9 682
1 2 6
422 69 9
512 971 9
2 3 4
727 920 2
696 246 7
3 4 2
775 658 3
263 534 8
4 5 3
654 14 4
744 273 2
5 6 8
931 517 2
932 750 1
6 7 10
458 448 8
220 987 9
7 8 10
444 913 1
324 665 3
8 9 7
710 771 2
336 411 5
9 10 4
185 246 9
86 685 6
10 11 8
148 468 4
997 754 2
11 12 2
205 361 9
895 734 7
12 13 6
898 844 7
407 442 9
13 14 3
517 220 1
587 350 2
14 15 7
736 301 2
652 446 6
15 16 4
377 442 6
777 265 6
16 17 9
798 395 2
760 673 8
17 18 1
161 868 6
140 318 6
18 19 2
288 304 9
138 660 5
19 20 3
638 340 2
643 401 9
20 21 10
323 818 9
477 671 2
21 22 9
6 519 7
164 372 2
22 23 2
115 239 1
929 673 6
23 24 8
44 923 3
658 480 2
24 25 8
356 528 3
932 589 3
25 26 8
835 474 8
674 549 6
26 27 7
345 640 1
875 148 6
27 28 3
60 927 3
367 635 2
28 29 1
975 315 1
642 696 7
29 30 2
973 341 7
777 961 3
30 31 5
810 254 3
858 860 1
31 32 3
587 304 8
627 598 10
32 33 3
578 751 2
228 592 9
33 34 7
854 817 9
391 422 3
34 35 8
956 398 7
888 556 5
35 36 9
315 995 4
505 916 1
36 37 5
260 246 8
955 577 7
37 38 4
627 534 8
604 788 3
38 39 1
565 69 9
47 324 3
39 40 4
515 575 8
957 733 9
40 41 5
574 215 5
480 49 6
41 42 2
880 293 6
661 688 1
42 43 7
449 504 3
491 587 9
43 44 3
613 300 2
644 833 3
44 45 4
802 811 4
305 690 1
45 46 5
175 546 7
16 52 6
46 47 8
373 636 8
287 251 2
47 48 1
576 957 10
29 996 8
48 49 7
20 686 2
738 490 1
49 50 4
921 157 5
577 15 7
50 51 8
972 903 4
444 283 3
51 52 3
679 76 3
944 225 6
52 53 8
96 291 9
87 503 2
53 54 8
43 729 5
573 825 6
54 55 9
544 422 8
713 308 5
55 56 1
18 822 1
309 292 2
56 57 7
963 834 4
745 15 5
57 58 9
373 933 1
654 449 4
58 59 8
100 424 9
623 661 3
59 60 1
524 495 6
894 498 5
60 61 3
556 222 5
334 616 10
61 62 2
431 443 8
335 10 6
62 63 3
856 722 8
988 121 2
63 64 5
804 920 5
728 76 6
64 65 7
661 938 3
430 260 2
65 66 9
620 894 8
769 747 4
66 67 9
389 452 5
787 34 4
67 68 9
551 63 4
559 332 6
68 69 4
526 76 3
723 568 8
69 70 4
187 15 10
206 270 7
70 71 8
810 748 5
194 310 6
71 72 1
534 878 7
856 414 2
72 73 8
50 901 3
736 757 5
73 74 7
964 658 10
124 868 8
74 75 6
247 681 1
211 218 6
75 76 7
379 271 8
203 347 9
76 77 1
588 863 7
909 71 1
77 78 1
559 110 4
829 558 5
78 79 8
977 363 6
590 85 1
79 80 1
618 927 7
473 770 5
80 81 7
379 448 4
913 486 8
81 82 6
411 99 5
309 262 10
82 83 9
143 745 1
807 440 1
83 84 2
285 274 4
356 79 9
84 85 9
69 301 5
945 170 4
85 86 3
493 111 9
964 391 8
86 87 3
211 58 6
12 315 1
87 88 6
696 358 2
934 344 6
88 89 9
729 730 2
232 35 6
89 90 7
263 435 8
382 490 6
90 91 4
363 928 1
714 34 6
91 92 2
375 107 4
555 765 10
92 93 2
401 849 6
432 736 9
93 94 6
571 842 4
880 811 10
94 95 7
649 418 1
815 471 2
95 96 9
236 602 7
393 56 2
96 97 8
374 249 6
936 807 7
97 98 3
632 187 7
804 931 10
98 99 3
488 529 9
683 778 5
99 100 6
525 92 9
583 742 1
100 101 6
884 297 3
357 821 7
101 102 8
580 752 7
544 686 1
102 103 3
657 445 1
931 432 2
103 104 4
301 182 6
669 220 2
104 105 9
561 725 8
142 767 7
105 106 6
754 838 5
874 127 6
106 107 8
806 848 4
325 250 7
107 108 5
673 874 4
428 261 2
108 109 9
249 759 7
818 809 2
109 110 7
798 983 2
743 27 6
110 111 1
950 362 5
771 918 6
111 112 10
877 520 9
126 106 9
112 113 2
228 529 8
293 286 8
113 114 1
862 677 6
478 460 2
114 115 6
440 886 2
81 113 3
115 116 8
488 782 10
239 242 1
116 117 1
603 618 7
371 424 5
117 118 5
683 825 10
239 14 9
118 119 9
28 61 1
241 646 1
119 120 3
142 780 2
725 741 6
120 121 6
47 663 3
715 401 9
121 122 6
457 420 1
625 375 4
122 123 10
495 762 6
266 441 4
123 124 4
621 132 9
397 588 6
124 125 3
115 317 4
551 610 7
125 126 6
802 132 8
307 434 7
126 127 4
726 254 1
4 192 1
127 128 10
442 256 4
335 339 8
128 129 4
956 307 8
954 154 5
129 130 7
905 473 3
625 788 8
130 131 7
606 524 8
998 428 6
131 132 7
259 13 8
211 281 4
132 133 2
463 725 8
420 34 8
133 134 8
798 505 6
850 739 8
134 135 3
306 951 4
283 875 9
135 136 10
448 392 8
668 382 3
136 137 1
235 222 6
834 583 7
137 138 7
141 450 4
209 203 2
138 139 6
45 299 9
834 128 5
139 140 5
110 942 10
950 198 10
140 141 2
7 284 1
201 784 3
141 142 7
507 743 2
833 675 8
142 143 6
498 345 5
253 877 4
143 144 9
99 681 8
699 13 6
144 145 8
998 26 7
980 410 7
145 146 1
379 693 3
197 71 4
146 147 8
161 63 6
956 832 9
147 148 5
73 376 7
338 475 10
148 149 5
521 106 5
324 369 3
149 150 2
502 999 3
888 391 2
150 151 8
483 102 2
266 718 10
151 152 9
20 111 1
106 146 1
152 153 4
620 258 1
71 832 8
153 154 10
850 215 6
584 640 9
154 155 4
440 909 1
696 836 7
155 156 10
254 864 5
708 830 9
156 157 5
468 841 9
484 676 6
157 158 2
484 335 4
97 400 10
158 159 1
127 974 10
969 260 10
159 160 9
581 633 6
961 212 8
160 161 6
496 841 5
950 261 7
161 162 3
168 112 2
96 200 4
162 163 8
679 551 5
686 934 10
163 164 10
531 679 6
923 493 8
164 165 6
550 199 4
806 717 4
165 166 3
320 73 5
174 349 5
166 167 5
461 892 8
722 517 9
167 168 9
671 186 5
126 924 5
168 169 2
585 336 5
669 676 1
169 170 10
722 995 10
999 663 7
170 171 8
702 83 8
104 846 8
171 172 3
753 466 4
249 727 4
172 173 4
944 246 2
706 228 1
173 174 3
399 164 7
290 326 2
174 175 2
493 88 9
140 787 1
175 176 1
627 129 6
296 826 10
176 177 3
897 371 3
337 721 4
177 178 2
10 65 5
850 161 3
178 179 9
416 530 4
719 973 1
179 180 7
734 993 7
868 570 7
180 181 8
879 581 4
940 764 10
181 182 5
93 800 2
285 432 4
182 183 4
727 221 4
398 105 6
183 184 4
594 224 9
662 712 2
184 185 8
232 779 8
671 554 1
185 186 1
210 733 5
963 884 2
186 187 8
262 409 6
21 483 9
187 188 7
410 225 8
857 459 5
188 189 3
691 822 7
894 959 4
189 190 10
72 516 1
154 446 7
190 191 9
628 458 7
39 346 7
191 192 7
879 726 4
143 219 5
192 193 5
857 755 2
409 591 9
193 194 7
252 352 7
585 181 1
194 195 10
531 473 6
834 26 3
195 196 5
260 644 3
278 796 5
196 197 9
130 583 7
819 575 1
197 198 5
418 690 4
682 884 3
198 199 10
25 723 6
937 632 3
199 200 3
34 326 1
706 896 5
200 201 4
130 652 2
63 256 6
201 202 7
972 100 1
317 675 7
202 203 7
167 393 2
569 171 8
203 204 10
884 134 3
813 751 5
204 205 7
907 244 3
548 492 8
205 206 3
370 527 3
425 92 1
206 207 7
617 272 5
519 631 9
207 208 8
101 432 3
485 138 4
208 209 1
678 404 9
210 517 6
209 210 2
906 370 4
557 392 7
210 211 4
206 456 3
721 150 2
211 212 3
920 264 3
662 334 6
212 213 10
589 186 3
461 955 1
213 214 1
857 597 2
926 963 4
214 215 9
721 826 3
701 314 7
215 216 4
960 766 8
905 614 3
216 217 1
676 897 1
441 525 9
217 218 7
482 6 2
970 845 3
218 219 7
912 446 6
855 956 9
219 220 8
514 135 5
987 621 4
220 221 6
408 291 10
390 371 8
221 222 4
279 707 8
966 987 1
222 223 2
508 115 5
527 282 4
223 224 5
695 374 3
145 2 8
224 225 6
447 592 1
846 42 6
225 226 1
398 792 1
196 277 7
226 227 10
105 66 4
361 512 1
227 228 3
118 851 5
844 11 8
228 229 3
113 999 5
940 128 5
229 230 1
926 626 8
968 928 9
230 231 10
711 500 9
294 724 6
231 232 7
665 116 1
1 135 9
232 233 10
238 698 8
687 33 5
233 234 8
1 972 9
739 239 9
234 235 4
417 171 6
259 487 2
235 236 10
766 795 9
746 351 10
236 237 1
833 135 4
656 817 4
237 238 8
643 152 1
671 765 10
238 239 6
748 335 6
160 321 8
239 240 7
297 935 9
763 29 2
240 241 8
939 139 5
7 364 7
241 242 7
396 232 9
405 494 1
242 243 5
419 994 2
916 829 7
243 244 3
528 749 6
326 375 2
244 245 1
28 321 2
69 404 3
245 246 4
986 262 10
429 327 2
246 247 4
626 85 4
151 774 6
247 248 4
279 697 3
505 53 1
248 249 9
823 156 10
565 978 9
249 250 10
714 722 4
317 18 6
250 251 10
928 188 7
648 377 7
251 252 6
132 673 7
90 97 8
252 253 9
476 697 2
916 711 1
253 254 3
305 444 9
373 958 4
254 255 8
785 951 8
191 828 2
255 256 3
685 193 9
160 919 3
256 257 6
754 537 8
794 316 1
257 258 4
21 154 10
768 631 2
258 259 3
698 322 7
485 510 7
259 260 5
225 709 10
501 141 6
260 261 10
573 124 3
753 783 7
261 262 6
161 354 4
670 281 10
262 263 3
431 576 2
683 151 8
263 264 9
292 939 10
297 203 6
264 265 10
285 802 5
470 992 6
265 266 4
97 474 7
344 419 8
266 267 7
851 347 5
504 419 8
267 268 6
343 224 10
393 14 8
268 269 6
425 798 6
61 260 4
269 270 10
467 790 4
44 585 9
270 271 8
272 86 8
350 1 1
271 272 8
751 60 6
553 906 7
272 273 3
291 699 6
162 31 2
273 274 2
679 467 1
219 26 1
274 275 1
527 511 6
87 785 6
275 276 8
900 169 3
14 15 3
276 277 10
500 643 6
284 928 6
277 278 2
695 939 6
760 547 1
278 279 2
104 838 1
708 383 7
279 280 1
77 57 1
832 21 8
280 281 10
857 813 1
252 577 2
281 282 2
898 921 2
916 803 4
282 283 4
500 787 6
142 178 9
283 284 5
122 311 9
703 546 8
284 285 1
606 584 4
127 597 8
285 286 3
677 462 9
870 441 4
286 287 6
209 344 5
545 673 3
287 288 8
105 648 10
844 586 1
288 289 8
811 949 8
816 318 6
289 290 4
874 276 3
414 754 1
290 291 2
959 450 8
789 918 1
291 292 1
917 553 9
210 520 1
292 293 5
278 129 5
785 302 4
293 294 9
702 153 9
85 959 5
294 295 6
833 437 2
902 275 1
295 296 10
940 955 10
44 988 5
296 297 8
728 306 6
667 548 7
297 298 5
190 55 2
414 415 9
298 299 3
687 759 6
766 438 9
299 300 5
775 661 7
946 638 1
300 301 2
11 906 5
740 530 9
301 302 4
113 699 4
216 312 5
302 303 10
75 702 10
754 904 7
303 304 3
439 9 8
671 898 4
304 305 9
187 146 8
128 94 3
305 306 3
899 707 8
632 683 10
306 307 9
889 54 2
618 571 7
307 308 3
830 475 2
726 443 5
308 309 3
235 368 5
339 767 5
309 310 1
457 204 5
9 97 10
310 311 8
323 686 7
316 660 2
311 312 7
179 895 8
949 765 8
312 313 5
274 692 3
734 561 10
313 314 8
896 459 8
950 664 1
314 315 3
405 75 7
987 333 4
315 316 4
714 985 10
369 565 5
316 317 1
743 983 4
783 67 7
317 318 5
643 74 1
538 35 7
318 319 9
37 964 6
243 432 6
319 320 10
43 209 10
475 948 10
320 321 5
961 829 1
494 224 3
321 322 10
421 119 4
214 224 10
322 323 9
957 408 9
689 711 7
323 324 5
978 879 8
706 428 9
324 325 8
691 972 10
437 563 6
325 326 5
683 969 7
860 427 5
326 327 2
69 404 2
969 616 1
327 328 4
535 636 3
386 634 8
328 329 9
334 357 7
487 159 3
329 330 10
845 51 1
267 955 3
330 331 7
259 465 8
343 792 10
331 332 10
206 738 7
371 220 4
332 333 1
848 618 9
772 462 3
333 334 5
574 173 1
979 83 2
334 335 2
782 117 9
90 29 10
335 336 2
329 62 1
934 460 5
336 337 8
861 649 8
852 793 9
337 338 7
538 471 7
705 923 2
338 339 5
986 425 4
957 50 9
339 340 5
628 475 3
700 262 8
340 341 4
395 431 7
337 441 3
341 342 1
303 904 10
918 200 10
342 343 8
189 131 2
831 821 10
343 344 6
546 106 8
81 326 5
344 345 6
811 560 6
266 836 5
345 346 6
983 383 5
108 129 2
346 347 4
74 332 1
590 900 1
347 348 2
662 328 1
480 629 3
348 349 7
757 718 2
53 746 4
349 350 2
244 257 1
577 251 5
350 351 9
261 85 2
463 185 7
351 352 2
652 430 4
335 669 4
352 353 10
93 48 4
668 409 9
353 354 4
997 763 6
984 448 6
354 355 2
351 301 10
201 642 10
355 356 2
176 879 7
805 554 2
356 357 4
668 637 5
516 335 3
357 358 10
496 16 4
765 131 7
358 359 7
562 325 9
883 852 7
359 360 7
534 767 6
393 540 9
360 361 1
648 577 10
465 479 1
361 362 1
504 918 9
424 367 7
362 363 9
793 272 10
58 809 4
363 364 10
460 16 5
718 706 9
364 365 10
655 887 6
182 471 5
365 366 1
705 173 7
940 552 1
366 367 4
752 941 2
223 769 2
367 368 6
525 274 6
781 537 6
368 369 4
88 319 4
67 176 3
369 370 7
18 400 10
241 337 10
370 371 1
651 103 7
384 630 2
371 372 5
520 978 8
562 941 6
372 373 6
299 97 4
24 429 2
373 374 7
986 928 5
48 992 8
374 375 10
572 974 7
862 315 3
375 376 9
432 594 10
146 999 3
376 377 5
355 826 6
129 576 3
377 378 1
69 558 8
278 863 9
378 379 4
989 591 1
31 942 2
379 380 2
164 594 7
509 848 1
380 381 5
682 638 8
281 610 9
381 382 4
312 257 10
843 355 1
382 383 9
840 809 7
828 404 6
383 384 4
218 175 9
559 740 7
384 385 4
637 655 3
508 291 9
385 386 1
579 639 8
812 898 5
386 387 10
380 753 5
637 310 1
387 388 2
959 906 7
868 458 2
388 389 9
761 365 10
471 970 4
389 390 3
558 551 6
686 433 5
390 391 6
938 953 1
91 593 6
391 392 7
994 675 1
67 666 8
392 393 8
293 390 1
162 973 10
393 394 9
319 463 8
213 115 10
394 395 2
631 668 8
639 594 3
395 396 3
345 518 8
578 912 4
396 397 6
312 456 6
330 396 2
397 398 2
547 235 10
900 56 10
398 399 9
315 309 4
233 675 5
399 400 7
964 549 8
580 328 4
400 401 9
492 372 1
840 258 3
401 402 9
171 486 4
79 349 5
402 403 10
833 552 10
547 335 6
403 404 10
945 415 1
408 899 10
404 405 3
500 885 10
549 28 8
405 406 9
585 60 6
78 129 5
406 407 10
618 80 3
463 445 4
407 408 10
927 112 10
459 105 2
408 409 1
35 305 1
626 462 10
409 410 4
475 504 1
388 56 4
410 411 7
588 330 10
381 140 3
411 412 9
102 42 9
398 510 1
412 413 9
246 847 10
914 291 2
413 414 9
702 826 10
8 290 10
414 415 6
544 842 2
874 490 6
415 416 5
326 315 6
515 641 7
416 417 1
107 570 7
131 252 8
417 418 3
318 69 8
985 950 4
418 419 6
475 533 5
445 91 5
419 420 6
527 7 6
797 339 4
420 421 3
218 188 7
389 476 5
421 422 8
77 494 3
400 443 8
422 423 2
555 334 5
259 142 2
423 424 6
337 232 4
336 461 5
424 425 9
205 238 1
858 537 9
425 426 2
546 616 8
857 191 4
426 427 10
469 589 7
878 98 6
427 428 10
118 660 9
88 62 3
428 429 7
627 326 1
519 894 6
429 430 8
236 558 4
708 684 7
430 431 10
373 188 9
953 995 10
431 432 6
644 799 1
700 362 8
432 433 6
474 970 5
649 792 10
433 434 1
166 841 10
26 215 9
434 435 7
607 684 10
158 662 8
435 436 1
558 914 5
948 422 3
436 437 5
172 572 3
474 887 2
437 438 3
437 660 2
346 411 4
438 439 8
973 447 10
139 980 9
439 440 8
21 955 4
561 755 2
440 441 2
290 686 10
854 142 8
441 442 4
160 325 1
333 269 2
442 443 4
593 479 7
386 413 8
443 444 2
875 781 10
246 545 5
444 445 4
103 472 10
577 773 5
445 446 9
759 454 6
631 984 2
446 447 6
803 719 2
425 539 9
447 448 6
392 338 6
500 878 7
448 449 5
327 888 2
219 413 7
449 450 8
471 723 7
296 508 3
450 451 2
349 695 4
369 905 10
451 452 1
761 927 5
811 342 10
452 453 5
448 161 1
535 444 4
453 454 1
748 805 3
499 490 1
454 455 5
814 886 8
498 268 7
455 456 5
517 159 7
54 397 9
456 457 1
96 358 8
160 571 4
457 458 10
80 191 6
926 188 6
458 459 4
357 723 5
631 282 10
459 460 7
17 323 1
695 18 2
460 461 7
337 753 5
461 741 4
461 462 9
627 384 5
865 202 2
462 463 10
959 684 6
125 441 3
463 464 7
166 17 3
828 655 10
464 465 8
745 143 2
606 34 7
465 466 5
651 233 4
859 255 9
466 467 9
932 859 4
529 954 4
467 468 1
465 68 2
672 438 3
468 469 5
725 958 3
999 307 5
469 470 3
597 288 6
770 158 5
470 471 4
718 141 2
379 614 2
471 472 10
700 195 1
390 550 4
472 473 2
872 833 9
628 304 9
473 474 4
492 245 4
515 894 8
474 475 3
146 180 1
549 297 5
475 476 6
795 925 2
618 982 9
476 477 1
71 202 4
302 391 7
477 478 8
386 595 5
393 45 4
478 479 3
858 807 2
217 573 9
479 480 3
969 508 1
201 977 9
480 481 10
127 113 4
476 398 10
481 482 1
5 394 2
578 308 8
482 483 9
906 209 9
986 753 2
483 484 8
755 800 4
435 946 9
484 485 5
787 597 1
813 355 9
485 486 9
828 948 6
231 351 1
486 487 4
83 319 1
136 826 7
487 488 9
389 951 9
7 505 4
488 489 2
759 705 9
165 979 3
489 490 4
993 589 9
650 296 7
490 491 3
997 438 2
354 417 5
491 492 2
195 546 1
927 823 5
492 493 5
105 552 4
741 369 3
493 494 2
368 687 3
998 828 8
494 495 7
681 196 5
246 118 4
495 496 9
731 506 3
188 14 1
496 497 1
793 563 8
776 976 8
497 498 9
841 477 5
394 158 3
498 499 3
583 421 3
501 100 8
499 500 10
289 860 8
147 284 7
500 501 3
423 634 2
964 947 2
501 502 9
986 7 5
391 602 9
502 503 2
740 824 10
349 741 6
503 504 9
83 521 8
809 881 6
504 505 10
845 481 9
325 67 1
505 506 10
481 607 5
532 156 2
506 507 7
743 27 1
278 336 5
507 508 10
390 209 3
700 335 1
508 509 10
661 445 5
224 138 7
509 510 1
976 978 9
863 834 2
510 511 8
149 540 5
202 546 9
511 512 2
135 634 7
771 490 2
512 513 9
189 854 1
630 335 3
513 514 6
457 762 7
92 222 3
514 515 6
866 257 3
6 178 3
515 516 4
822 460 3
743 344 7
516 517 1
33 599 9
766 274 3
517 518 1
292 818 6
731 249 3
518 519 6
697 715 5
717 208 5
519 520 1
336 648 2
906 306 3
520 521 10
761 332 4
528 168 7
521 522 4
766 98 7
302 541 4
522 523 1
679 550 3
871 623 5
523 524 10
325 66 6
320 851 10
524 525 9
59 28 5
583 25 5
525 526 9
900 180 4
314 761 5
526 527 6
883 724 2
261 289 10
527 528 1
601 346 5
92 968 5
528 529 7
723 543 1
15 346 4
529 530 8
433 47 7
879 674 10
530 531 9
993 162 6
352 298 5
531 532 7
262 202 9
950 472 5
532 533 5
297 216 9
615 582 4
533 534 9
244 619 6
137 727 6
534 535 2
897 458 8
971 913 7
535 536 8
121 92 4
146 701 7
536 537 7
818 310 4
881 57 2
537 538 5
772 412 7
25 877 6
538 539 5
234 362 5
277 155 7
539 540 3
172 834 2
683 452 8
540 541 3
82 168 9
191 54 8
541 542 10
481 299 3
422 389 10
542 543 2
620 485 8
548 105 5
543 544 4
572 835 4
288 530 9
544 545 8
969 895 9
663 551 3
545 546 8
842 322 10
377 651 6
546 547 7
373 241 10
670 36 7
547 548 8
723 435 5
886 64 9
548 549 9
612 528 2
579 687 7
549 550 6
981 352 1
417 623 10
550 551 3
266 217 5
1 895 10
551 552 5
344 602 4
160 111 10
552 553 3
750 474 4
162 747 5
553 554 5
983 125 9
354 9 6
554 555 7
345 395 9
534 28 3
555 556 8
989 241 4
259 958 5
556 557 7
184 44 4
386 615 3
557 558 7
919 311 8
676 416 1
558 559 4
341 100 8
24 218 3
559 560 4
874 698 7
621 140 4
560 561 4
878 106 3
970 607 10
561 562 4
690 301 3
138 388 10
562 563 7
482 90 3
355 62 4
563 564 10
440 470 2
272 849 5
564 565 10
235 577 6
611 339 3
565 566 7
34 426 7
56 197 2
566 567 6
11 370 3
843 840 1
567 568 6
368 452 7
890 682 2
568 569 8
478 106 3
183 936 3
569 570 6
192 476 2
370 947 5
570 571 3
354 211 10
83 921 5
571 572 3
101 159 3
839 589 10
572 573 8
165 595 10
156 371 2
573 574 7
108 526 9
881 967 3
574 575 4
950 738 8
407 523 7
575 576 9
94 311 6
226 928 10
576 577 9
769 427 5
354 416 7
577 578 3
281 228 5
704 897 8
578 579 7
618 544 4
355 960 9
579 580 3
201 411 8
25 345 9
580 581 2
179 536 8
611 898 1
581 582 7
150 990 1
431 899 1
582 583 10
364 568 10
196 597 3
583 584 10
764 478 7
336 489 8
584 585 6
919 1 9
234 132 6
585 586 4
403 432 6
318 158 6
586 587 3
756 221 4
63 73 7
587 588 3
757 201 3
135 106 3
588 589 6
231 185 10
191 161 9
589 590 8
145 32 9
301 659 7
590 591 1
638 220 4
449 258 8
591 592 7
245 265 1
710 411 10
592 593 1
682 613 2
778 496 6
593 594 2
589 184 2
890 20 4
594 595 4
186 429 9
919 448 9
595 596 1
255 433 10
545 976 1
596 597 5
357 149 4
710 235 3
597 598 1
813 469 4
12 660 4
598 599 3
179 488 6
15 468 3
599 600 8
671 153 5
688 287 5
600 601 3
521 290 3
911 569 9
601 602 3
203 735 5
678 853 1
602 603 10
958 277 9
598 115 1
603 604 1
585 472 8
985 177 8
604 605 8
742 511 5
711 136 8
605 606 8
89 595 4
863 40 4
606 607 7
324 531 3
843 838 4
607 608 2
279 39 8
289 309 5
608 609 6
903 747 5
269 496 1
609 610 4
766 518 7
80 257 2
610 611 5
450 461 6
963 429 3
611 612 6
679 774 7
935 531 7
612 613 7
783 798 5
327 101 3
613 614 6
688 604 6
198 180 6
614 615 2
608 346 7
726 188 3
615 616 7
244 252 5
698 799 1
616 617 5
771 193 5
937 635 6
617 618 5
195 665 10
905 506 3
618 619 2
559 724 4
778 277 5
619 620 10
412 930 1
188 892 6
620 621 6
576 898 8
678 504 10
621 622 7
320 30 9
757 801 1
622 623 3
559 116 7
591 528 8
623 624 9
9 63 8
760 380 7
624 625 9
640 64 5
902 485 6
625 626 2
209 759 7
432 51 9
626 627 7
129 851 10
282 54 10
627 628 3
123 554 7
49 517 7
628 629 2
176 315 8
384 870 1
629 630 7
944 524 5
883 292 10
630 631 6
394 1 5
956 54 8
631 632 10
86 246 5
186 652 10
632 633 1
852 492 5
369 75 5
633 634 9
869 141 4
499 799 8
634 635 9
971 487 8
937 791 10
635 636 5
232 16 10
615 16 2
636 637 2
19 37 5
726 623 5
637 638 7
691 681 5
567 879 1
638 639 10
588 430 10
847 904 8
639 640 7
175 70 9
634 571 1
640 641 1
828 994 10
390 929 7
641 642 9
866 1000 8
952 18 5
642 643 4
997 837 1
811 304 9
643 644 10
534 335 5
224 864 10
644 645 8
181 167 6
379 902 9
645 646 2
14 899 4
388 566 1
646 647 6
421 814 4
215 232 3
647 648 2
69 32 9
428 438 2
648 649 3
669 354 10
831 23 9
649 650 5
634 398 3
347 101 9
650 651 3
682 60 7
876 64 1
651 652 4
693 953 7
865 971 3
652 653 10
678 292 6
633 934 8
653 654 9
317 447 6
358 732 9
654 655 6
616 160 2
572 954 9
655 656 1
949 528 6
599 98 9
656 657 10
924 30 6
21 759 3
657 658 10
404 807 5
499 492 7
658 659 3
663 454 4
941 982 5
659 660 6
261 213 10
768 377 5
660 661 6
153 899 8
444 211 1
661 662 2
714 440 8
239 769 8
662 663 7
986 277 1
705 671 1
663 664 8
762 141 7
898 287 9
664 665 10
494 710 10
501 400 4
665 666 7
884 287 2
226 547 10
666 667 9
285 269 10
740 695 9
667 668 5
83 2 3
25 836 5
668 669 1
297 203 4
403 69 10
669 670 6
984 164 8
881 330 4
670 671 4
278 156 9
54 622 8
671 672 6
738 779 1
573 634 3
672 673 4
434 979 5
383 717 10
673 674 5
448 560 6
367 998 9
674 675 4
647 99 1
11 712 7
675 676 5
589 24 7
498 212 9
676 677 9
168 3 6
808 81 3
677 678 5
394 182 7
222 966 7
678 679 8
946 533 2
496 568 9
679 680 4
926 976 4
935 141 10
680 681 9
164 29 8
121 499 5
681 682 4
131 229 6
733 624 9
682 683 2
734 609 7
823 135 10
683 684 1
272 294 4
657 275 10
684 685 7
596 610 7
434 687 6
685 686 7
236 84 2
585 569 4
686 687 8
577 233 10
142 329 3
687 688 4
68 993 10
632 980 2
688 689 8
467 679 1
522 93 1
689 690 1
475 46 4
545 70 8
690 691 1
350 195 2
852 690 7
691 692 7
28 67 8
762 128 10
692 693 10
6 430 7
796 172 10
693 694 6
998 320 3
636 203 9
694 695 5
17 78 8
156 332 10
695 696 8
23 468 10
798 328 10
696 697 4
282 575 8
249 873 4
697 698 2
413 257 2
45 547 1
698 699 10
528 519 7
661 244 9
699 700 7
892 64 4
276 198 4
700 701 7
716 87 10
342 328 9
701 702 4
14 609 3
498 200 7
702 703 1
596 430 9
977 478 1
703 704 9
435 246 10
987 430 1
704 705 2
736 873 3
718 970 9
705 706 10
606 893 3
897 772 8
706 707 7
872 676 2
406 661 10
707 708 1
345 585 6
162 852 1
708 709 3
630 659 5
674 856 4
709 710 9
53 194 1
581 952 1
710 711 4
913 591 10
491 271 1
711 712 1
515 988 8
115 390 1
712 713 8
362 467 9
94 861 2
713 714 10
289 775 3
983 163 8
714 715 7
319 983 1
4 808 10
715 716 4
934 634 2
29 508 5
716 717 8
587 458 10
862 306 3
717 718 9
15 815 3
208 430 4
718 719 3
714 538 1
744 118 4
719 720 4
437 196 3
592 822 7
720 721 3
550 256 7
386 903 5
721 722 7
502 695 5
461 902 6
722 723 5
368 198 4
98 909 9
723 724 5
539 286 9
614 750 8
724 725 6
779 66 8
238 430 4
725 726 3
253 181 4
243 706 5
726 727 7
174 446 3
613 948 4
727 728 9
307 475 1
544 135 2
728 729 3
728 495 7
790 572 10
729 730 1
118 610 8
525 855 3
730 731 2
341 39 2
884 367 7
731 732 5
189 240 2
54 397 6
732 733 3
60 698 9
753 625 2
733 734 10
604 809 4
916 361 3
734 735 10
663 380 4
106 630 2
735 736 2
450 446 5
508 605 2
736 737 6
398 468 2
284 583 8
737 738 6
42 392 8
654 595 9
738 739 1
33 895 8
733 150 2
739 740 3
746 772 1
633 503 10
740 741 9
255 896 7
33 18 2
741 742 8
757 614 6
722 194 6
742 743 6
219 778 6
449 630 6
743 744 1
644 348 9
616 393 10
744 745 9
422 884 1
928 935 7
745 746 4
660 301 4
330 678 2
746 747 4
630 310 1
51 964 9
747 748 6
151 317 3
468 855 7
748 749 1
658 229 6
933 103 4
749 750 3
942 178 1
657 129 4
750 751 9
45 106 8
964 776 2
751 752 1
528 761 7
184 273 9
752 753 6
173 443 4
348 981 1
753 754 10
459 698 9
640 227 9
754 755 1
86 967 8
248 441 2
755 756 6
836 383 2
389 236 9
756 757 2
839 565 8
713 478 1
757 758 7
862 367 3
708 510 3
758 759 2
98 459 5
38 879 8
759 760 7
22 171 9
239 533 7
760 761 1
639 263 3
763 529 6
761 762 7
978 315 4
26 798 9
762 763 7
4 747 8
721 665 4
763 764 10
620 483 2
649 273 10
764 765 8
561 971 1
387 56 1
765 766 1
506 116 7
196 805 3
766 767 6
854 173 4
815 992 8
767 768 4
6 421 3
447 505 10
768 769 4
452 868 2
664 709 6
769 770 8
775 553 6
542 157 5
770 771 2
898 437 2
465 547 2
771 772 6
624 856 1
693 429 8
772 773 10
716 937 6
486 303 7
773 774 9
973 379 4
844 21 7
774 775 6
783 159 5
506 611 8
775 776 9
89 865 10
535 55 1
776 777 5
336 41 3
190 30 4
777 778 7
877 943 1
262 864 7
778 779 5
498 302 1
332 618 8
779 780 6
979 671 1
296 579 6
780 781 5
731 170 3
136 725 7
781 782 2
769 338 6
239 67 3
782 783 3
71 939 8
736 671 7
783 784 4
244 144 5
94 836 7
784 785 3
96 999 6
72 840 8
785 786 6
172 174 4
266 255 1
786 787 5
208 128 1
374 453 8
787 788 2
5 316 4
53 353 1
788 789 7
929 850 5
245 295 1
789 790 8
137 709 9
14 734 6
790 791 8
989 630 5
205 237 9
791 792 10
314 234 8
739 272 3
792 793 7
425 143 4
737 337 3
793 794 9
510 211 10
931 442 4
794 795 5
436 220 3
828 33 5
795 796 9
186 266 7
412 979 1
796 797 4
132 306 3
308 124 1
797 798 9
169 441 7
653 875 9
798 799 1
338 410 1
368 922 8
799 800 10
993 275 8
102 865 3
800 801 1
459 722 1
370 59 4
801 802 1
130 814 9
719 184 5
802 803 2
410 567 9
271 588 9
803 804 3
394 789 3
191 207 10
804 805 3
435 166 3
480 624 5
805 806 3
322 984 9
788 809 7
806 807 1
86 998 10
382 400 3
807 808 6
361 249 4
182 207 2
808 809 7
696 544 7
913 253 8
809 810 4
115 12 8
522 155 1
810 811 6
164 326 3
951 313 8
811 812 4
593 8 1
664 488 4
812 813 6
13 761 5
574 997 5
813 814 10
641 649 9
896 300 10
814 815 8
858 307 10
582 387 4
815 816 6
530 401 8
459 15 2
816 817 3
215 228 10
918 320 2
817 818 1
936 580 5
706 464 4
818 819 7
613 656 8
588 945 8
819 820 5
559 263 1
103 486 7
820 821 3
83 534 1
403 423 4
821 822 4
783 295 3
321 84 9
822 823 6
302 511 9
315 814 8
823 824 7
830 105 3
812 267 4
824 825 5
861 245 10
206 612 9
825 826 2
548 547 6
880 585 2
826 827 1
197 850 9
524 198 9
827 828 3
7 203 8
63 442 10
828 829 6
667 495 3
357 741 6
829 830 2
200 648 7
164 36 3
830 831 3
307 499 7
847 230 10
831 832 1
873 246 5
216 886 8
832 833 6
345 989 2
843 66 4
833 834 3
213 954 8
604 141 3
834 835 1
386 738 5
866 536 9
835 836 10
130 739 1
808 956 6
836 837 5
981 896 8
703 997 8
837 838 4
662 646 10
265 589 2
838 839 7
327 599 1
221 164 4
839 840 9
246 741 8
551 378 6
840 841 4
157 476 2
56 729 5
841 842 9
327 925 1
183 717 6
842 843 1
43 872 7
515 195 6
843 844 4
826 320 5
323 399 2
844 845 10
320 411 4
896 919 6
845 846 9
397 23 6
749 699 7
846 847 8
726 683 2
444 957 4
847 848 6
66 652 1
168 707 10
848 849 4
491 283 7
407 516 4
849 850 8
432 315 4
961 767 9
850 851 5
821 878 6
665 981 3
851 852 5
130 918 1
636 257 9
852 853 9
476 627 4
66 118 9
853 854 1
734 775 3
431 150 10
854 855 10
518 621 3
152 850 10
855 856 3
185 593 9
978 123 9
856 857 6
19 995 6
60 225 7
857 858 3
699 443 10
306 532 7
858 859 7
257 685 7
939 490 6
859 860 10
555 432 8
849 206 3
860 861 2
279 27 7
221 924 4
861 862 1
903 162 7
788 872 1
862 863 4
976 280 10
755 939 9
863 864 5
775 871 8
749 926 3
864 865 1
639 942 4
450 722 7
865 866 8
207 227 3
939 228 5
866 867 4
49 689 8
929 25 5
867 868 9
254 90 2
823 340 2
868 869 6
675 902 9
691 845 10
869 870 10
240 908 9
164 283 10
870 871 3
267 697 8
214 750 6
871 872 6
494 950 1
920 486 5
872 873 1
210 66 9
507 77 9
873 874 10
312 809 4
269 223 7
874 875 5
656 10 5
833 543 7
875 876 9
327 815 10
91 511 8
876 877 7
292 686 5
524 594 2
877 878 8
805 396 8
557 562 6
878 879 3
787 810 4
851 163 9
879 880 10
500 617 3
252 735 1
880 881 2
250 19 5
754 549 8
881 882 6
347 188 5
214 419 5
882 883 10
761 779 5
191 761 2
883 884 4
933 355 4
883 140 2
884 885 6
36 368 3
890 741 5
885 886 3
321 818 4
781 877 2
886 887 3
676 218 6
620 570 7
887 888 4
804 872 7
437 378 9
888 889 7
803 360 3
419 841 5
889 890 9
652 962 6
129 555 5
890 891 2
221 357 3
631 68 5
891 892 10
189 1000 6
692 824 2
892 893 8
529 85 6
364 633 9
893 894 6
279 431 2
755 319 7
894 895 6
817 865 4
179 288 2
895 896 6
634 286 8
109 44 6
896 897 10
933 163 9
487 506 3
897 898 10
841 458 10
421 148 4
898 899 1
32 115 7
643 751 7
899 900 3
311 675 9
347 872 9
900 901 7
51 584 4
525 1 2
901 902 8
464 803 1
245 625 8
902 903 10
690 605 6
210 760 6
903 904 3
362 82 7
179 917 8
904 905 2
708 556 9
83 239 7
905 906 7
414 129 1
899 81 3
906 907 8
467 701 9
521 396 3
907 908 2
397 685 1
383 264 6
908 909 4
177 85 10
732 302 7
909 910 7
794 495 8
489 767 2
910 911 4
407 938 9
450 702 7
911 912 1
752 80 5
494 619 7
912 913 10
117 213 10
335 794 10
913 914 7
681 343 4
978 806 5
914 915 6
1 695 3
948 13 6
915 916 2
73 397 8
603 382 6
916 917 7
139 158 7
612 596 8
917 918 6
333 819 10
758 864 6
918 919 3
769 828 5
511 644 10
919 920 7
7 648 2
605 495 8
920 921 7
485 317 6
793 379 1
921 922 8
173 808 8
596 198 7
922 923 5
108 153 7
433 924 7
923 924 6
390 938 6
503 158 10
924 925 1
424 245 9
563 235 5
925 926 9
719 926 4
633 737 7
926 927 7
96 869 5
328 503 2
927 928 3
588 227 1
457 221 4
928 929 10
420 14 5
178 994 10
929 930 6
154 182 5
73 807 5
930 931 5
71 223 1
697 544 7
931 932 7
428 540 5
326 839 4
932 933 10
95 343 1
829 169 10
933 934 2
207 155 3
211 8 7
934 935 6
867 532 3
945 937 7
935 936 6
74 875 7
270 982 9
936 937 10
340 961 4
758 879 6
937 938 2
521 292 4
377 434 5
938 939 2
275 793 6
395 932 3
939 940 10
927 802 5
215 714 9
940 941 3
743 797 7
800 964 7
941 942 2
755 1000 8
584 547 10
942 943 6
213 513 8
779 22 3
943 944 4
942 730 2
128 40 5
944 945 9
317 879 4
991 420 10
945 946 1
514 403 3
252 654 5
946 947 9
516 546 3
993 833 8
947 948 9
7 83 4
158 544 5
948 949 7
146 788 1
47 322 1
949 950 5
188 264 3
312 761 2
950 951 4
884 180 10
200 729 9
951 952 5
690 759 1
882 866 6
952 953 9
402 992 7
160 552 1
953 954 6
272 791 1
444 741 7
954 955 6
339 178 7
680 882 5
955 956 1
759 728 1
98 387 3
956 957 6
955 548 4
137 203 2
957 958 2
79 144 5
471 533 2
958 959 1
98 877 2
298 951 6
959 960 5
275 727 2
631 835 7
960 961 9
586 167 9
212 948 10
961 962 5
962 808 4
175 915 10
962 963 7
613 950 3
979 997 6
963 964 2
927 486 5
303 305 10
964 965 3
238 666 3
305 764 6
965 966 4
268 811 9
335 176 7
966 967 9
863 492 7
203 545 1
967 968 7
357 736 8
51 154 10
968 969 10
322 145 4
207 223 3
969 970 10
66 579 10
640 700 1
970 971 1
361 949 9
775 390 5
971 972 1
460 23 1
667 390 5
972 973 4
974 712 5
854 372 10
973 974 4
240 456 4
291 790 5
974 975 5
155 24 5
956 20 9
975 976 7
461 477 8
137 373 6
976 977 2
672 347 3
953 387 6
977 978 4
703 328 6
365 356 4
978 979 9
155 675 8
350 917 7
979 980 3
309 671 3
507 33 6
980 981 8
559 50 2
251 504 4
981 982 7
301 129 1
875 638 7
982 983 8
598 810 4
721 162 4
983 984 2
716 575 7
348 44 7
984 985 5
488 987 3
656 559 1
985 986 5
573 660 3
433 431 3
986 987 2
213 960 2
446 598 8
987 988 6
710 369 2
357 996 7
988 989 4
100 425 3
254 417 4
989 990 2
607 836 9
885 772 9
990 991 9
370 977 8
1000 56 3
991 992 8
609 184 6
920 261 2
992 993 10
825 140 9
900 453 7
993 994 1
929 615 5
33 617 2
994 995 1
210 512 9
649 606 8
995 996 4
406 689 6
654 183 2
996 997 3
127 577 5
203 538 10
997 998 8
607 108 9
136 993 1
998 999 9
301 237 10
728 64 4
999 1000 2
981 64 9
593 600 4
1000 1 7
542 285 3
27 516 1
